{
 "cells": [
  {
   "cell_type": "markdown",
   "id": "91f73667-d8b2-4140-bf16-b9fb1a4ba7d7",
   "metadata": {},
   "source": [
    "**Amazon Stock Prediction**"
   ]
  },
  {
   "cell_type": "markdown",
   "id": "b07b38c7-8e33-4bac-9a59-c0729eb3e28a",
   "metadata": {},
   "source": [
    " we predict a signal that indicates whether buying a particular stock will be helpful or not by using ML."
   ]
  },
  {
   "cell_type": "markdown",
   "id": "f000f0d6-2930-4313-82ba-461f7c8622a1",
   "metadata": {},
   "source": [
    "trying to predict whether a trade is profitable or not\n",
    "\n",
    "1 → Trade will be profitable (buy signal)\n",
    "\n",
    "0 → Trade will not be profitable (no-buy or sell signal)\n",
    "\n",
    "binary classification model"
   ]
  },
  {
   "cell_type": "code",
   "execution_count": 1,
   "id": "f30e6eaa-e429-4370-a8ad-2f254ce9040d",
   "metadata": {},
   "outputs": [
    {
     "name": "stdout",
     "output_type": "stream",
     "text": [
      "done\n"
     ]
    }
   ],
   "source": [
    "import numpy as np\n",
    "import pandas as pd\n",
    "import seaborn as sns\n",
    "import matplotlib.pyplot as plt\n",
    "%matplotlib inline\n",
    "print('done')\n",
    "import warnings\n",
    "warnings.filterwarnings('ignore')"
   ]
  },
  {
   "cell_type": "code",
   "execution_count": 2,
   "id": "6625a26f-5726-400e-b2d0-53e0ad0eaee3",
   "metadata": {},
   "outputs": [],
   "source": [
    "\n",
    "from sklearn.model_selection import train_test_split\n",
    "from sklearn.preprocessing import StandardScaler\n",
    "from sklearn.linear_model import LogisticRegression\n",
    "from sklearn.svm import SVC\n",
    "from xgboost import XGBClassifier\n",
    "from sklearn import metrics\n",
    "\n",
    "import warnings\n",
    "warnings.filterwarnings('ignore')"
   ]
  },
  {
   "cell_type": "code",
   "execution_count": 3,
   "id": "c145e42c-4a97-4a93-aaae-78ae6a92199c",
   "metadata": {},
   "outputs": [
    {
     "name": "stdout",
     "output_type": "stream",
     "text": [
      "                           Date        Open        High         Low  \\\n",
      "0     1997-05-15 00:00:00-04:00    0.121875    0.125000    0.096354   \n",
      "1     1997-05-16 00:00:00-04:00    0.098438    0.098958    0.085417   \n",
      "2     1997-05-19 00:00:00-04:00    0.088021    0.088542    0.081250   \n",
      "3     1997-05-20 00:00:00-04:00    0.086458    0.087500    0.081771   \n",
      "4     1997-05-21 00:00:00-04:00    0.081771    0.082292    0.068750   \n",
      "...                         ...         ...         ...         ...   \n",
      "6982  2025-02-14 00:00:00-05:00  229.199997  229.889999  227.229996   \n",
      "6983  2025-02-18 00:00:00-05:00  228.820007  229.300003  223.720001   \n",
      "6984  2025-02-19 00:00:00-05:00  225.520004  226.830002  223.710007   \n",
      "6985  2025-02-20 00:00:00-05:00  224.779999  225.130005  221.809998   \n",
      "6986  2025-02-21 00:00:00-05:00  223.279999  223.309998  214.740005   \n",
      "\n",
      "           Close      Volume  Dividends  Stock Splits  \n",
      "0       0.097917  1443120000        0.0           0.0  \n",
      "1       0.086458   294000000        0.0           0.0  \n",
      "2       0.085417   122136000        0.0           0.0  \n",
      "3       0.081771   109344000        0.0           0.0  \n",
      "4       0.071354   377064000        0.0           0.0  \n",
      "...          ...         ...        ...           ...  \n",
      "6982  228.679993    27031100        0.0           0.0  \n",
      "6983  226.649994    42975100        0.0           0.0  \n",
      "6984  226.630005    28566700        0.0           0.0  \n",
      "6985  222.880005    30001700        0.0           0.0  \n",
      "6986  216.580002    55161000        0.0           0.0  \n",
      "\n",
      "[6987 rows x 8 columns]\n"
     ]
    }
   ],
   "source": [
    "df = pd.read_csv('AMZN_stock_data.csv')\n",
    "print(df)"
   ]
  },
  {
   "cell_type": "code",
   "execution_count": 4,
   "id": "6a26459d-d1c4-48f5-b88b-43dbd7e5c56b",
   "metadata": {},
   "outputs": [
    {
     "data": {
      "text/plain": [
       "Index(['Date', 'Open', 'High', 'Low', 'Close', 'Volume', 'Dividends',\n",
       "       'Stock Splits'],\n",
       "      dtype='object')"
      ]
     },
     "execution_count": 4,
     "metadata": {},
     "output_type": "execute_result"
    }
   ],
   "source": [
    "df.columns"
   ]
  },
  {
   "cell_type": "code",
   "execution_count": 5,
   "id": "7176f823-2e00-4851-9824-f4501b92f837",
   "metadata": {},
   "outputs": [
    {
     "name": "stdout",
     "output_type": "stream",
     "text": [
      "<class 'pandas.core.frame.DataFrame'>\n",
      "RangeIndex: 6987 entries, 0 to 6986\n",
      "Data columns (total 8 columns):\n",
      " #   Column        Non-Null Count  Dtype  \n",
      "---  ------        --------------  -----  \n",
      " 0   Date          6987 non-null   object \n",
      " 1   Open          6987 non-null   float64\n",
      " 2   High          6987 non-null   float64\n",
      " 3   Low           6987 non-null   float64\n",
      " 4   Close         6987 non-null   float64\n",
      " 5   Volume        6987 non-null   int64  \n",
      " 6   Dividends     6987 non-null   float64\n",
      " 7   Stock Splits  6987 non-null   float64\n",
      "dtypes: float64(6), int64(1), object(1)\n",
      "memory usage: 436.8+ KB\n"
     ]
    }
   ],
   "source": [
    "df.info()"
   ]
  },
  {
   "cell_type": "code",
   "execution_count": 6,
   "id": "409b4f15-3b50-4ad6-8726-2702078fd01f",
   "metadata": {},
   "outputs": [],
   "source": [
    "df['Date'] = pd.to_datetime(df['Date'], utc=True)\n"
   ]
  },
  {
   "cell_type": "code",
   "execution_count": 7,
   "id": "e2977ece-ef69-4d99-bd8d-e3eeeeb17003",
   "metadata": {},
   "outputs": [],
   "source": [
    "# First, convert to datetime if not already\n",
    "df['Date'] = pd.to_datetime(df['Date'], errors='coerce')\n",
    "\n",
    "# Now safely extract day, month, and year\n",
    "df['day'] = df['Date'].dt.day\n",
    "df['month'] = df['Date'].dt.month\n",
    "df['year'] = df['Date'].dt.year\n"
   ]
  },
  {
   "cell_type": "code",
   "execution_count": 8,
   "id": "8fbfe40a-1a70-4756-8a46-b325d7647d27",
   "metadata": {},
   "outputs": [
    {
     "name": "stdout",
     "output_type": "stream",
     "text": [
      "<class 'pandas.core.frame.DataFrame'>\n",
      "RangeIndex: 6987 entries, 0 to 6986\n",
      "Data columns (total 11 columns):\n",
      " #   Column        Non-Null Count  Dtype              \n",
      "---  ------        --------------  -----              \n",
      " 0   Date          6987 non-null   datetime64[ns, UTC]\n",
      " 1   Open          6987 non-null   float64            \n",
      " 2   High          6987 non-null   float64            \n",
      " 3   Low           6987 non-null   float64            \n",
      " 4   Close         6987 non-null   float64            \n",
      " 5   Volume        6987 non-null   int64              \n",
      " 6   Dividends     6987 non-null   float64            \n",
      " 7   Stock Splits  6987 non-null   float64            \n",
      " 8   day           6987 non-null   int32              \n",
      " 9   month         6987 non-null   int32              \n",
      " 10  year          6987 non-null   int32              \n",
      "dtypes: datetime64[ns, UTC](1), float64(6), int32(3), int64(1)\n",
      "memory usage: 518.7 KB\n"
     ]
    }
   ],
   "source": [
    "df.info()"
   ]
  },
  {
   "cell_type": "code",
   "execution_count": 9,
   "id": "510d9319-4e32-488b-85f2-4ba1e5a11de8",
   "metadata": {},
   "outputs": [],
   "source": [
    "df.sort_values('Date', inplace=True)"
   ]
  },
  {
   "cell_type": "code",
   "execution_count": 10,
   "id": "3d7739aa-efa6-43f5-b4ba-4df9e7b88243",
   "metadata": {},
   "outputs": [
    {
     "data": {
      "text/plain": [
       "Date            0\n",
       "Open            0\n",
       "High            0\n",
       "Low             0\n",
       "Close           0\n",
       "Volume          0\n",
       "Dividends       0\n",
       "Stock Splits    0\n",
       "day             0\n",
       "month           0\n",
       "year            0\n",
       "dtype: int64"
      ]
     },
     "execution_count": 10,
     "metadata": {},
     "output_type": "execute_result"
    }
   ],
   "source": [
    "df.isna().sum()"
   ]
  },
  {
   "cell_type": "code",
   "execution_count": 11,
   "id": "8b0475e9-dd00-43e6-a4c1-c00544c71b21",
   "metadata": {},
   "outputs": [
    {
     "data": {
      "text/plain": [
       "0"
      ]
     },
     "execution_count": 11,
     "metadata": {},
     "output_type": "execute_result"
    }
   ],
   "source": [
    "df.duplicated().sum()"
   ]
  },
  {
   "cell_type": "code",
   "execution_count": 12,
   "id": "593b34f6-ac8c-4209-b988-ac3879f87d39",
   "metadata": {},
   "outputs": [
    {
     "data": {
      "text/html": [
       "<div>\n",
       "<style scoped>\n",
       "    .dataframe tbody tr th:only-of-type {\n",
       "        vertical-align: middle;\n",
       "    }\n",
       "\n",
       "    .dataframe tbody tr th {\n",
       "        vertical-align: top;\n",
       "    }\n",
       "\n",
       "    .dataframe thead th {\n",
       "        text-align: right;\n",
       "    }\n",
       "</style>\n",
       "<table border=\"1\" class=\"dataframe\">\n",
       "  <thead>\n",
       "    <tr style=\"text-align: right;\">\n",
       "      <th></th>\n",
       "      <th>Date</th>\n",
       "      <th>Open</th>\n",
       "      <th>High</th>\n",
       "      <th>Low</th>\n",
       "      <th>Close</th>\n",
       "      <th>Volume</th>\n",
       "      <th>Dividends</th>\n",
       "      <th>Stock Splits</th>\n",
       "      <th>day</th>\n",
       "      <th>month</th>\n",
       "      <th>year</th>\n",
       "    </tr>\n",
       "  </thead>\n",
       "  <tbody>\n",
       "    <tr>\n",
       "      <th>Date</th>\n",
       "      <td>1.000000</td>\n",
       "      <td>0.819501</td>\n",
       "      <td>0.819569</td>\n",
       "      <td>0.819517</td>\n",
       "      <td>0.819604</td>\n",
       "      <td>-0.450959</td>\n",
       "      <td>NaN</td>\n",
       "      <td>0.010086</td>\n",
       "      <td>-0.000411</td>\n",
       "      <td>-0.002454</td>\n",
       "      <td>0.999360</td>\n",
       "    </tr>\n",
       "    <tr>\n",
       "      <th>Open</th>\n",
       "      <td>0.819501</td>\n",
       "      <td>1.000000</td>\n",
       "      <td>0.999924</td>\n",
       "      <td>0.999909</td>\n",
       "      <td>0.999813</td>\n",
       "      <td>-0.311761</td>\n",
       "      <td>NaN</td>\n",
       "      <td>0.014320</td>\n",
       "      <td>-0.000200</td>\n",
       "      <td>0.008689</td>\n",
       "      <td>0.818585</td>\n",
       "    </tr>\n",
       "    <tr>\n",
       "      <th>High</th>\n",
       "      <td>0.819569</td>\n",
       "      <td>0.999924</td>\n",
       "      <td>1.000000</td>\n",
       "      <td>0.999893</td>\n",
       "      <td>0.999914</td>\n",
       "      <td>-0.310848</td>\n",
       "      <td>NaN</td>\n",
       "      <td>0.014802</td>\n",
       "      <td>-0.000371</td>\n",
       "      <td>0.008367</td>\n",
       "      <td>0.818665</td>\n",
       "    </tr>\n",
       "    <tr>\n",
       "      <th>Low</th>\n",
       "      <td>0.819517</td>\n",
       "      <td>0.999909</td>\n",
       "      <td>0.999893</td>\n",
       "      <td>1.000000</td>\n",
       "      <td>0.999918</td>\n",
       "      <td>-0.312753</td>\n",
       "      <td>NaN</td>\n",
       "      <td>0.014342</td>\n",
       "      <td>-0.000237</td>\n",
       "      <td>0.008697</td>\n",
       "      <td>0.818600</td>\n",
       "    </tr>\n",
       "    <tr>\n",
       "      <th>Close</th>\n",
       "      <td>0.819604</td>\n",
       "      <td>0.999813</td>\n",
       "      <td>0.999914</td>\n",
       "      <td>0.999918</td>\n",
       "      <td>1.000000</td>\n",
       "      <td>-0.311783</td>\n",
       "      <td>NaN</td>\n",
       "      <td>0.014248</td>\n",
       "      <td>-0.000448</td>\n",
       "      <td>0.008384</td>\n",
       "      <td>0.818700</td>\n",
       "    </tr>\n",
       "    <tr>\n",
       "      <th>Volume</th>\n",
       "      <td>-0.450959</td>\n",
       "      <td>-0.311761</td>\n",
       "      <td>-0.310848</td>\n",
       "      <td>-0.312753</td>\n",
       "      <td>-0.311783</td>\n",
       "      <td>1.000000</td>\n",
       "      <td>NaN</td>\n",
       "      <td>0.016210</td>\n",
       "      <td>0.047489</td>\n",
       "      <td>-0.002920</td>\n",
       "      <td>-0.450669</td>\n",
       "    </tr>\n",
       "    <tr>\n",
       "      <th>Dividends</th>\n",
       "      <td>NaN</td>\n",
       "      <td>NaN</td>\n",
       "      <td>NaN</td>\n",
       "      <td>NaN</td>\n",
       "      <td>NaN</td>\n",
       "      <td>NaN</td>\n",
       "      <td>NaN</td>\n",
       "      <td>NaN</td>\n",
       "      <td>NaN</td>\n",
       "      <td>NaN</td>\n",
       "      <td>NaN</td>\n",
       "    </tr>\n",
       "    <tr>\n",
       "      <th>Stock Splits</th>\n",
       "      <td>0.010086</td>\n",
       "      <td>0.014320</td>\n",
       "      <td>0.014802</td>\n",
       "      <td>0.014342</td>\n",
       "      <td>0.014248</td>\n",
       "      <td>0.016210</td>\n",
       "      <td>NaN</td>\n",
       "      <td>1.000000</td>\n",
       "      <td>-0.018873</td>\n",
       "      <td>-0.004166</td>\n",
       "      <td>0.010285</td>\n",
       "    </tr>\n",
       "    <tr>\n",
       "      <th>day</th>\n",
       "      <td>-0.000411</td>\n",
       "      <td>-0.000200</td>\n",
       "      <td>-0.000371</td>\n",
       "      <td>-0.000237</td>\n",
       "      <td>-0.000448</td>\n",
       "      <td>0.047489</td>\n",
       "      <td>NaN</td>\n",
       "      <td>-0.018873</td>\n",
       "      <td>1.000000</td>\n",
       "      <td>-0.000021</td>\n",
       "      <td>-0.003392</td>\n",
       "    </tr>\n",
       "    <tr>\n",
       "      <th>month</th>\n",
       "      <td>-0.002454</td>\n",
       "      <td>0.008689</td>\n",
       "      <td>0.008367</td>\n",
       "      <td>0.008697</td>\n",
       "      <td>0.008384</td>\n",
       "      <td>-0.002920</td>\n",
       "      <td>NaN</td>\n",
       "      <td>-0.004166</td>\n",
       "      <td>-0.000021</td>\n",
       "      <td>1.000000</td>\n",
       "      <td>-0.038087</td>\n",
       "    </tr>\n",
       "    <tr>\n",
       "      <th>year</th>\n",
       "      <td>0.999360</td>\n",
       "      <td>0.818585</td>\n",
       "      <td>0.818665</td>\n",
       "      <td>0.818600</td>\n",
       "      <td>0.818700</td>\n",
       "      <td>-0.450669</td>\n",
       "      <td>NaN</td>\n",
       "      <td>0.010285</td>\n",
       "      <td>-0.003392</td>\n",
       "      <td>-0.038087</td>\n",
       "      <td>1.000000</td>\n",
       "    </tr>\n",
       "  </tbody>\n",
       "</table>\n",
       "</div>"
      ],
      "text/plain": [
       "                  Date      Open      High       Low     Close    Volume  \\\n",
       "Date          1.000000  0.819501  0.819569  0.819517  0.819604 -0.450959   \n",
       "Open          0.819501  1.000000  0.999924  0.999909  0.999813 -0.311761   \n",
       "High          0.819569  0.999924  1.000000  0.999893  0.999914 -0.310848   \n",
       "Low           0.819517  0.999909  0.999893  1.000000  0.999918 -0.312753   \n",
       "Close         0.819604  0.999813  0.999914  0.999918  1.000000 -0.311783   \n",
       "Volume       -0.450959 -0.311761 -0.310848 -0.312753 -0.311783  1.000000   \n",
       "Dividends          NaN       NaN       NaN       NaN       NaN       NaN   \n",
       "Stock Splits  0.010086  0.014320  0.014802  0.014342  0.014248  0.016210   \n",
       "day          -0.000411 -0.000200 -0.000371 -0.000237 -0.000448  0.047489   \n",
       "month        -0.002454  0.008689  0.008367  0.008697  0.008384 -0.002920   \n",
       "year          0.999360  0.818585  0.818665  0.818600  0.818700 -0.450669   \n",
       "\n",
       "              Dividends  Stock Splits       day     month      year  \n",
       "Date                NaN      0.010086 -0.000411 -0.002454  0.999360  \n",
       "Open                NaN      0.014320 -0.000200  0.008689  0.818585  \n",
       "High                NaN      0.014802 -0.000371  0.008367  0.818665  \n",
       "Low                 NaN      0.014342 -0.000237  0.008697  0.818600  \n",
       "Close               NaN      0.014248 -0.000448  0.008384  0.818700  \n",
       "Volume              NaN      0.016210  0.047489 -0.002920 -0.450669  \n",
       "Dividends           NaN           NaN       NaN       NaN       NaN  \n",
       "Stock Splits        NaN      1.000000 -0.018873 -0.004166  0.010285  \n",
       "day                 NaN     -0.018873  1.000000 -0.000021 -0.003392  \n",
       "month               NaN     -0.004166 -0.000021  1.000000 -0.038087  \n",
       "year                NaN      0.010285 -0.003392 -0.038087  1.000000  "
      ]
     },
     "execution_count": 12,
     "metadata": {},
     "output_type": "execute_result"
    }
   ],
   "source": [
    "df.corr()"
   ]
  },
  {
   "cell_type": "code",
   "execution_count": 13,
   "id": "33a294e1-ff33-40ea-882c-ba85c9a2075c",
   "metadata": {},
   "outputs": [
    {
     "data": {
      "text/plain": [
       "0"
      ]
     },
     "execution_count": 13,
     "metadata": {},
     "output_type": "execute_result"
    }
   ],
   "source": [
    "df['Dividends'].isna().sum()"
   ]
  },
  {
   "cell_type": "code",
   "execution_count": 14,
   "id": "683b682c-eb7b-430c-92a2-5764aacead91",
   "metadata": {},
   "outputs": [],
   "source": [
    "df1=df.dropna()"
   ]
  },
  {
   "cell_type": "code",
   "execution_count": 15,
   "id": "2a27bbf0-df60-4ffb-b64e-99cdd1a34aff",
   "metadata": {},
   "outputs": [
    {
     "data": {
      "text/plain": [
       "False"
      ]
     },
     "execution_count": 15,
     "metadata": {},
     "output_type": "execute_result"
    }
   ],
   "source": [
    "df1['Dividends'].isna().all()\n"
   ]
  },
  {
   "cell_type": "code",
   "execution_count": 16,
   "id": "395ecef6-04f7-41c4-a262-d3167e0a6b26",
   "metadata": {},
   "outputs": [
    {
     "data": {
      "text/plain": [
       "1"
      ]
     },
     "execution_count": 16,
     "metadata": {},
     "output_type": "execute_result"
    }
   ],
   "source": [
    "df1['Dividends'].nunique() #if 1, it means all the values are the same.\n"
   ]
  },
  {
   "cell_type": "code",
   "execution_count": 17,
   "id": "ecd7c048-b68e-4aed-ab3a-d89aceb0ea1f",
   "metadata": {},
   "outputs": [
    {
     "data": {
      "text/html": [
       "<div>\n",
       "<style scoped>\n",
       "    .dataframe tbody tr th:only-of-type {\n",
       "        vertical-align: middle;\n",
       "    }\n",
       "\n",
       "    .dataframe tbody tr th {\n",
       "        vertical-align: top;\n",
       "    }\n",
       "\n",
       "    .dataframe thead th {\n",
       "        text-align: right;\n",
       "    }\n",
       "</style>\n",
       "<table border=\"1\" class=\"dataframe\">\n",
       "  <thead>\n",
       "    <tr style=\"text-align: right;\">\n",
       "      <th></th>\n",
       "      <th>Date</th>\n",
       "      <th>Open</th>\n",
       "      <th>High</th>\n",
       "      <th>Low</th>\n",
       "      <th>Close</th>\n",
       "      <th>Volume</th>\n",
       "      <th>Dividends</th>\n",
       "      <th>Stock Splits</th>\n",
       "      <th>day</th>\n",
       "      <th>month</th>\n",
       "      <th>year</th>\n",
       "    </tr>\n",
       "  </thead>\n",
       "  <tbody>\n",
       "    <tr>\n",
       "      <th>Date</th>\n",
       "      <td>1.000000</td>\n",
       "      <td>0.819501</td>\n",
       "      <td>0.819569</td>\n",
       "      <td>0.819517</td>\n",
       "      <td>0.819604</td>\n",
       "      <td>-0.450959</td>\n",
       "      <td>NaN</td>\n",
       "      <td>0.010086</td>\n",
       "      <td>-0.000411</td>\n",
       "      <td>-0.002454</td>\n",
       "      <td>0.999360</td>\n",
       "    </tr>\n",
       "    <tr>\n",
       "      <th>Open</th>\n",
       "      <td>0.819501</td>\n",
       "      <td>1.000000</td>\n",
       "      <td>0.999924</td>\n",
       "      <td>0.999909</td>\n",
       "      <td>0.999813</td>\n",
       "      <td>-0.311761</td>\n",
       "      <td>NaN</td>\n",
       "      <td>0.014320</td>\n",
       "      <td>-0.000200</td>\n",
       "      <td>0.008689</td>\n",
       "      <td>0.818585</td>\n",
       "    </tr>\n",
       "    <tr>\n",
       "      <th>High</th>\n",
       "      <td>0.819569</td>\n",
       "      <td>0.999924</td>\n",
       "      <td>1.000000</td>\n",
       "      <td>0.999893</td>\n",
       "      <td>0.999914</td>\n",
       "      <td>-0.310848</td>\n",
       "      <td>NaN</td>\n",
       "      <td>0.014802</td>\n",
       "      <td>-0.000371</td>\n",
       "      <td>0.008367</td>\n",
       "      <td>0.818665</td>\n",
       "    </tr>\n",
       "    <tr>\n",
       "      <th>Low</th>\n",
       "      <td>0.819517</td>\n",
       "      <td>0.999909</td>\n",
       "      <td>0.999893</td>\n",
       "      <td>1.000000</td>\n",
       "      <td>0.999918</td>\n",
       "      <td>-0.312753</td>\n",
       "      <td>NaN</td>\n",
       "      <td>0.014342</td>\n",
       "      <td>-0.000237</td>\n",
       "      <td>0.008697</td>\n",
       "      <td>0.818600</td>\n",
       "    </tr>\n",
       "    <tr>\n",
       "      <th>Close</th>\n",
       "      <td>0.819604</td>\n",
       "      <td>0.999813</td>\n",
       "      <td>0.999914</td>\n",
       "      <td>0.999918</td>\n",
       "      <td>1.000000</td>\n",
       "      <td>-0.311783</td>\n",
       "      <td>NaN</td>\n",
       "      <td>0.014248</td>\n",
       "      <td>-0.000448</td>\n",
       "      <td>0.008384</td>\n",
       "      <td>0.818700</td>\n",
       "    </tr>\n",
       "    <tr>\n",
       "      <th>Volume</th>\n",
       "      <td>-0.450959</td>\n",
       "      <td>-0.311761</td>\n",
       "      <td>-0.310848</td>\n",
       "      <td>-0.312753</td>\n",
       "      <td>-0.311783</td>\n",
       "      <td>1.000000</td>\n",
       "      <td>NaN</td>\n",
       "      <td>0.016210</td>\n",
       "      <td>0.047489</td>\n",
       "      <td>-0.002920</td>\n",
       "      <td>-0.450669</td>\n",
       "    </tr>\n",
       "    <tr>\n",
       "      <th>Dividends</th>\n",
       "      <td>NaN</td>\n",
       "      <td>NaN</td>\n",
       "      <td>NaN</td>\n",
       "      <td>NaN</td>\n",
       "      <td>NaN</td>\n",
       "      <td>NaN</td>\n",
       "      <td>NaN</td>\n",
       "      <td>NaN</td>\n",
       "      <td>NaN</td>\n",
       "      <td>NaN</td>\n",
       "      <td>NaN</td>\n",
       "    </tr>\n",
       "    <tr>\n",
       "      <th>Stock Splits</th>\n",
       "      <td>0.010086</td>\n",
       "      <td>0.014320</td>\n",
       "      <td>0.014802</td>\n",
       "      <td>0.014342</td>\n",
       "      <td>0.014248</td>\n",
       "      <td>0.016210</td>\n",
       "      <td>NaN</td>\n",
       "      <td>1.000000</td>\n",
       "      <td>-0.018873</td>\n",
       "      <td>-0.004166</td>\n",
       "      <td>0.010285</td>\n",
       "    </tr>\n",
       "    <tr>\n",
       "      <th>day</th>\n",
       "      <td>-0.000411</td>\n",
       "      <td>-0.000200</td>\n",
       "      <td>-0.000371</td>\n",
       "      <td>-0.000237</td>\n",
       "      <td>-0.000448</td>\n",
       "      <td>0.047489</td>\n",
       "      <td>NaN</td>\n",
       "      <td>-0.018873</td>\n",
       "      <td>1.000000</td>\n",
       "      <td>-0.000021</td>\n",
       "      <td>-0.003392</td>\n",
       "    </tr>\n",
       "    <tr>\n",
       "      <th>month</th>\n",
       "      <td>-0.002454</td>\n",
       "      <td>0.008689</td>\n",
       "      <td>0.008367</td>\n",
       "      <td>0.008697</td>\n",
       "      <td>0.008384</td>\n",
       "      <td>-0.002920</td>\n",
       "      <td>NaN</td>\n",
       "      <td>-0.004166</td>\n",
       "      <td>-0.000021</td>\n",
       "      <td>1.000000</td>\n",
       "      <td>-0.038087</td>\n",
       "    </tr>\n",
       "    <tr>\n",
       "      <th>year</th>\n",
       "      <td>0.999360</td>\n",
       "      <td>0.818585</td>\n",
       "      <td>0.818665</td>\n",
       "      <td>0.818600</td>\n",
       "      <td>0.818700</td>\n",
       "      <td>-0.450669</td>\n",
       "      <td>NaN</td>\n",
       "      <td>0.010285</td>\n",
       "      <td>-0.003392</td>\n",
       "      <td>-0.038087</td>\n",
       "      <td>1.000000</td>\n",
       "    </tr>\n",
       "  </tbody>\n",
       "</table>\n",
       "</div>"
      ],
      "text/plain": [
       "                  Date      Open      High       Low     Close    Volume  \\\n",
       "Date          1.000000  0.819501  0.819569  0.819517  0.819604 -0.450959   \n",
       "Open          0.819501  1.000000  0.999924  0.999909  0.999813 -0.311761   \n",
       "High          0.819569  0.999924  1.000000  0.999893  0.999914 -0.310848   \n",
       "Low           0.819517  0.999909  0.999893  1.000000  0.999918 -0.312753   \n",
       "Close         0.819604  0.999813  0.999914  0.999918  1.000000 -0.311783   \n",
       "Volume       -0.450959 -0.311761 -0.310848 -0.312753 -0.311783  1.000000   \n",
       "Dividends          NaN       NaN       NaN       NaN       NaN       NaN   \n",
       "Stock Splits  0.010086  0.014320  0.014802  0.014342  0.014248  0.016210   \n",
       "day          -0.000411 -0.000200 -0.000371 -0.000237 -0.000448  0.047489   \n",
       "month        -0.002454  0.008689  0.008367  0.008697  0.008384 -0.002920   \n",
       "year          0.999360  0.818585  0.818665  0.818600  0.818700 -0.450669   \n",
       "\n",
       "              Dividends  Stock Splits       day     month      year  \n",
       "Date                NaN      0.010086 -0.000411 -0.002454  0.999360  \n",
       "Open                NaN      0.014320 -0.000200  0.008689  0.818585  \n",
       "High                NaN      0.014802 -0.000371  0.008367  0.818665  \n",
       "Low                 NaN      0.014342 -0.000237  0.008697  0.818600  \n",
       "Close               NaN      0.014248 -0.000448  0.008384  0.818700  \n",
       "Volume              NaN      0.016210  0.047489 -0.002920 -0.450669  \n",
       "Dividends           NaN           NaN       NaN       NaN       NaN  \n",
       "Stock Splits        NaN      1.000000 -0.018873 -0.004166  0.010285  \n",
       "day                 NaN     -0.018873  1.000000 -0.000021 -0.003392  \n",
       "month               NaN     -0.004166 -0.000021  1.000000 -0.038087  \n",
       "year                NaN      0.010285 -0.003392 -0.038087  1.000000  "
      ]
     },
     "execution_count": 17,
     "metadata": {},
     "output_type": "execute_result"
    }
   ],
   "source": [
    "df1.corr()"
   ]
  },
  {
   "cell_type": "code",
   "execution_count": 18,
   "id": "6c8a0db0-00e6-4770-a054-66fadf7ba2d4",
   "metadata": {},
   "outputs": [
    {
     "data": {
